(kicad_pcb (version 20171130) (host pcbnew "(5.0.0)")

  (general
    (thickness 1.6002)
    (drawings 10)
    (tracks 313)
    (zones 0)
    (modules 16)
    (nets 31)
  )

  (page A4)
  (layers
    (0 F.Cu signal)
    (31 B.Cu signal)
    (36 B.SilkS user)
    (37 F.SilkS user)
    (38 B.Mask user hide)
    (39 F.Mask user)
    (44 Edge.Cuts user)
    (45 Margin user)
    (46 B.CrtYd user)
    (47 F.CrtYd user hide)
    (48 B.Fab user hide)
    (49 F.Fab user hide)
  )

  (setup
    (last_trace_width 0.254)
    (user_trace_width 0.254)
    (user_trace_width 0.508)
    (user_trace_width 0.635)
    (user_trace_width 0.762)
    (user_trace_width 1.016)
    (user_trace_width 1.524)
    (user_trace_width 2.032)
    (trace_clearance 0.1524)
    (zone_clearance 0.508)
    (zone_45_only no)
    (trace_min 0.254)
    (segment_width 0.2)
    (edge_width 0.15)
    (via_size 0.6858)
    (via_drill 0.3302)
    (via_min_size 0.508)
    (via_min_drill 0.254)
    (user_via 0.508 0.254)
    (user_via 0.635 0.254)
    (user_via 0.635 0.381)
    (user_via 0.762 0.381)
    (user_via 0.762 0.508)
    (user_via 0.889 0.508)
    (user_via 0.889 0.635)
    (uvia_size 0.6858)
    (uvia_drill 0.3302)
    (uvias_allowed no)
    (uvia_min_size 0.2)
    (uvia_min_drill 0.1)
    (pcb_text_width 0.3)
    (pcb_text_size 1.5 1.5)
    (mod_edge_width 0.15)
    (mod_text_size 1 1)
    (mod_text_width 0.15)
    (pad_size 1.524 1.524)
    (pad_drill 0.762)
    (pad_to_mask_clearance 0.0508)
    (aux_axis_origin 0 0)
    (visible_elements 7FFDFFFF)
    (pcbplotparams
      (layerselection 0x030f0_ffffffff)
      (usegerberextensions false)
      (usegerberattributes false)
      (usegerberadvancedattributes false)
      (creategerberjobfile false)
      (excludeedgelayer true)
      (linewidth 0.100000)
      (plotframeref false)
      (viasonmask false)
      (mode 1)
      (useauxorigin false)
      (hpglpennumber 1)
      (hpglpenspeed 20)
      (hpglpendiameter 15.000000)
      (psnegative false)
      (psa4output false)
      (plotreference true)
      (plotvalue true)
      (plotinvisibletext false)
      (padsonsilk false)
      (subtractmaskfromsilk false)
      (outputformat 1)
      (mirror false)
      (drillshape 0)
      (scaleselection 1)
      (outputdirectory "gerber/"))
  )

  (net 0 "")
  (net 1 GND)
  (net 2 +5V)
  (net 3 RST)
  (net 4 A1)
  (net 5 A0)
  (net 6 D0)
  (net 7 D1)
  (net 8 PTT_SENSE)
  (net 9 D2)
  (net 10 D3)
  (net 11 D4)
  (net 12 D5)
  (net 13 D6)
  (net 14 D7)
  (net 15 "Net-(U1-Pad20)")
  (net 16 "Net-(Q1-Pad1)")
  (net 17 PTT)
  (net 18 PTT_OUT)
  (net 19 A)
  (net 20 TXD)
  (net 21 RXD)
  (net 22 SQL)
  (net 23 PWM_B)
  (net 24 PWM_A)
  (net 25 "Net-(C4-Pad2)")
  (net 26 "Net-(C3-Pad2)")
  (net 27 ADC_B)
  (net 28 ADC_A)
  (net 29 GPIO_B)
  (net 30 GPIO_A)

  (net_class Default "This is the default net class."
    (clearance 0.1524)
    (trace_width 0.254)
    (via_dia 0.6858)
    (via_drill 0.3302)
    (uvia_dia 0.6858)
    (uvia_drill 0.3302)
    (diff_pair_gap 0.254)
    (diff_pair_width 0.254)
    (add_net A)
    (add_net A0)
    (add_net A1)
    (add_net ADC_A)
    (add_net ADC_B)
    (add_net D0)
    (add_net D1)
    (add_net D2)
    (add_net D3)
    (add_net D4)
    (add_net D5)
    (add_net D6)
    (add_net D7)
    (add_net GND)
    (add_net GPIO_A)
    (add_net GPIO_B)
    (add_net "Net-(C3-Pad2)")
    (add_net "Net-(C4-Pad2)")
    (add_net "Net-(Q1-Pad1)")
    (add_net "Net-(U1-Pad20)")
    (add_net PTT)
    (add_net PTT_OUT)
    (add_net PTT_SENSE)
    (add_net PWM_A)
    (add_net PWM_B)
    (add_net RST)
    (add_net RXD)
    (add_net SQL)
    (add_net TXD)
  )

  (net_class power ""
    (clearance 0.1524)
    (trace_width 0.508)
    (via_dia 0.6858)
    (via_drill 0.3302)
    (uvia_dia 0.6858)
    (uvia_drill 0.3302)
    (diff_pair_gap 0.254)
    (diff_pair_width 0.254)
    (add_net +5V)
  )

  (module Connector_PinSocket_2.54mm:PinSocket_2x03_P2.54mm_Vertical (layer F.Cu) (tedit 5BBA6EEF) (tstamp 5BA9C2D3)
    (at 132.08 62.23 90)
    (descr "Through hole straight socket strip, 2x03, 2.54mm pitch, double cols (from Kicad 4.0.7), script generated")
    (tags "Through hole socket strip THT 2x03 2.54mm double row")
    (path /5B9DC124)
    (fp_text reference J3 (at -1.27 7.3025 90) (layer F.SilkS)
      (effects (font (size 1 1) (thickness 0.15)))
    )
    (fp_text value ACC (at -1.27 7.85 90) (layer F.Fab)
      (effects (font (size 1 1) (thickness 0.15)))
    )
    (fp_line (start -3.81 -1.27) (end 0.27 -1.27) (layer F.Fab) (width 0.1))
    (fp_line (start 0.27 -1.27) (end 1.27 -0.27) (layer F.Fab) (width 0.1))
    (fp_line (start 1.27 -0.27) (end 1.27 6.35) (layer F.Fab) (width 0.1))
    (fp_line (start 1.27 6.35) (end -3.81 6.35) (layer F.Fab) (width 0.1))
    (fp_line (start -3.81 6.35) (end -3.81 -1.27) (layer F.Fab) (width 0.1))
    (fp_line (start -3.87 -1.33) (end -1.27 -1.33) (layer F.SilkS) (width 0.12))
    (fp_line (start -3.87 -1.33) (end -3.87 6.41) (layer F.SilkS) (width 0.12))
    (fp_line (start -3.87 6.41) (end 1.33 6.41) (layer F.SilkS) (width 0.12))
    (fp_line (start 1.33 1.27) (end 1.33 6.41) (layer F.SilkS) (width 0.12))
    (fp_line (start -1.27 1.27) (end 1.33 1.27) (layer F.SilkS) (width 0.12))
    (fp_line (start -1.27 -1.33) (end -1.27 1.27) (layer F.SilkS) (width 0.12))
    (fp_line (start 1.33 -1.33) (end 1.33 0) (layer F.SilkS) (width 0.12))
    (fp_line (start 0 -1.33) (end 1.33 -1.33) (layer F.SilkS) (width 0.12))
    (fp_line (start -4.34 -1.8) (end 1.76 -1.8) (layer F.CrtYd) (width 0.05))
    (fp_line (start 1.76 -1.8) (end 1.76 6.85) (layer F.CrtYd) (width 0.05))
    (fp_line (start 1.76 6.85) (end -4.34 6.85) (layer F.CrtYd) (width 0.05))
    (fp_line (start -4.34 6.85) (end -4.34 -1.8) (layer F.CrtYd) (width 0.05))
    (fp_text user %R (at -1.27 2.54 180) (layer F.Fab)
      (effects (font (size 1 1) (thickness 0.15)))
    )
    (pad 1 thru_hole rect (at 0 0 90) (size 1.7 1.7) (drill 1) (layers *.Cu *.Mask)
      (net 24 PWM_A))
    (pad 2 thru_hole oval (at -2.54 0 90) (size 1.7 1.7) (drill 1) (layers *.Cu *.Mask)
      (net 23 PWM_B))
    (pad 3 thru_hole oval (at 0 2.54 90) (size 1.7 1.7) (drill 1) (layers *.Cu *.Mask)
      (net 28 ADC_A))
    (pad 4 thru_hole oval (at -2.54 2.54 90) (size 1.7 1.7) (drill 1) (layers *.Cu *.Mask)
      (net 27 ADC_B))
    (pad 5 thru_hole oval (at 0 5.08 90) (size 1.7 1.7) (drill 1) (layers *.Cu *.Mask)
      (net 30 GPIO_A))
    (pad 6 thru_hole oval (at -2.54 5.08 90) (size 1.7 1.7) (drill 1) (layers *.Cu *.Mask)
      (net 29 GPIO_B))
  )

  (module Resistor_SMD:R_0805_2012Metric (layer B.Cu) (tedit 5BBA7008) (tstamp 5B8D2E97)
    (at 132.3975 79.375 180)
    (descr "Resistor SMD 0805 (2012 Metric), square (rectangular) end terminal, IPC_7351 nominal, (Body size source: https://docs.google.com/spreadsheets/d/1BsfQQcO9C6DZCsRaXUlFlo91Tg2WpOkGARC1WS5S8t0/edit?usp=sharing), generated with kicad-footprint-generator")
    (tags resistor)
    (path /5B574156)
    (attr smd)
    (fp_text reference R3 (at -0.635 -1.5875 180) (layer B.SilkS)
      (effects (font (size 1 1) (thickness 0.15)) (justify mirror))
    )
    (fp_text value 47k (at 0 -1.65 180) (layer B.Fab)
      (effects (font (size 1 1) (thickness 0.15)) (justify mirror))
    )
    (fp_text user %R (at 0 0 180) (layer B.Fab)
      (effects (font (size 0.5 0.5) (thickness 0.08)) (justify mirror))
    )
    (fp_line (start 1.68 -0.95) (end -1.68 -0.95) (layer B.CrtYd) (width 0.05))
    (fp_line (start 1.68 0.95) (end 1.68 -0.95) (layer B.CrtYd) (width 0.05))
    (fp_line (start -1.68 0.95) (end 1.68 0.95) (layer B.CrtYd) (width 0.05))
    (fp_line (start -1.68 -0.95) (end -1.68 0.95) (layer B.CrtYd) (width 0.05))
    (fp_line (start -0.258578 -0.71) (end 0.258578 -0.71) (layer B.SilkS) (width 0.12))
    (fp_line (start -0.258578 0.71) (end 0.258578 0.71) (layer B.SilkS) (width 0.12))
    (fp_line (start 1 -0.6) (end -1 -0.6) (layer B.Fab) (width 0.1))
    (fp_line (start 1 0.6) (end 1 -0.6) (layer B.Fab) (width 0.1))
    (fp_line (start -1 0.6) (end 1 0.6) (layer B.Fab) (width 0.1))
    (fp_line (start -1 -0.6) (end -1 0.6) (layer B.Fab) (width 0.1))
    (pad 2 smd roundrect (at 0.9375 0 180) (size 0.975 1.4) (layers B.Cu B.Paste B.Mask) (roundrect_rratio 0.25)
      (net 1 GND))
    (pad 1 smd roundrect (at -0.9375 0 180) (size 0.975 1.4) (layers B.Cu B.Paste B.Mask) (roundrect_rratio 0.25)
      (net 4 A1))
    (model ${KISYS3DMOD}/Resistor_SMD.3dshapes/R_0805_2012Metric.wrl
      (at (xyz 0 0 0))
      (scale (xyz 1 1 1))
      (rotate (xyz 0 0 0))
    )
  )

  (module Crystal:Crystal_SMD_EuroQuartz_MJ-4Pin_5.0x3.2mm (layer B.Cu) (tedit 5BBA6FAC) (tstamp 5B8D84B5)
    (at 131.0725 72.905 180)
    (descr "SMD Crystal EuroQuartz MJ series http://cdn-reichelt.de/documents/datenblatt/B400/MJ.pdf, 5.0x3.2mm^2 package")
    (tags "SMD SMT crystal")
    (path /5B8524EA)
    (attr smd)
    (fp_text reference Y1 (at 2.485 -2.66 180) (layer B.SilkS)
      (effects (font (size 1 1) (thickness 0.15)) (justify mirror))
    )
    (fp_text value 20M (at 0 -2.8 180) (layer B.Fab)
      (effects (font (size 1 1) (thickness 0.15)) (justify mirror))
    )
    (fp_text user %R (at 0 0 180) (layer B.Fab)
      (effects (font (size 1 1) (thickness 0.15)) (justify mirror))
    )
    (fp_line (start -2.4 1.6) (end 2.4 1.6) (layer B.Fab) (width 0.1))
    (fp_line (start 2.4 1.6) (end 2.5 1.5) (layer B.Fab) (width 0.1))
    (fp_line (start 2.5 1.5) (end 2.5 -1.5) (layer B.Fab) (width 0.1))
    (fp_line (start 2.5 -1.5) (end 2.4 -1.6) (layer B.Fab) (width 0.1))
    (fp_line (start 2.4 -1.6) (end -2.4 -1.6) (layer B.Fab) (width 0.1))
    (fp_line (start -2.4 -1.6) (end -2.5 -1.5) (layer B.Fab) (width 0.1))
    (fp_line (start -2.5 -1.5) (end -2.5 1.5) (layer B.Fab) (width 0.1))
    (fp_line (start -2.5 1.5) (end -2.4 1.6) (layer B.Fab) (width 0.1))
    (fp_line (start -2.5 -0.6) (end -1.5 -1.6) (layer B.Fab) (width 0.1))
    (fp_line (start -3 -0.4) (end -2.7 -0.4) (layer B.SilkS) (width 0.12))
    (fp_line (start -2.7 -0.4) (end -2.7 0.4) (layer B.SilkS) (width 0.12))
    (fp_line (start 2.7 0.4) (end 2.7 -0.4) (layer B.SilkS) (width 0.12))
    (fp_line (start -0.7 1.8) (end 0.7 1.8) (layer B.SilkS) (width 0.12))
    (fp_line (start 0.7 -1.8) (end -0.7 -1.8) (layer B.SilkS) (width 0.12))
    (fp_line (start -0.7 -1.8) (end -0.7 -2.04) (layer B.SilkS) (width 0.12))
    (fp_line (start -3.1 2) (end -3.1 -2) (layer B.CrtYd) (width 0.05))
    (fp_line (start -3.1 -2) (end 3.1 -2) (layer B.CrtYd) (width 0.05))
    (fp_line (start 3.1 -2) (end 3.1 2) (layer B.CrtYd) (width 0.05))
    (fp_line (start 3.1 2) (end -3.1 2) (layer B.CrtYd) (width 0.05))
    (pad 1 smd rect (at -1.85 -1.15 180) (size 1.9 1.1) (layers B.Cu B.Paste B.Mask)
      (net 26 "Net-(C3-Pad2)"))
    (pad 2 smd rect (at 1.85 -1.15 180) (size 1.9 1.1) (layers B.Cu B.Paste B.Mask)
      (net 1 GND))
    (pad 3 smd rect (at 1.85 1.15 180) (size 1.9 1.1) (layers B.Cu B.Paste B.Mask)
      (net 25 "Net-(C4-Pad2)"))
    (pad 4 smd rect (at -1.85 1.15 180) (size 1.9 1.1) (layers B.Cu B.Paste B.Mask)
      (net 1 GND))
    (model ${KISYS3DMOD}/Crystal.3dshapes/Crystal_SMD_EuroQuartz_MJ-4Pin_5.0x3.2mm.wrl
      (at (xyz 0 0 0))
      (scale (xyz 1 1 1))
      (rotate (xyz 0 0 0))
    )
  )

  (module Resistor_SMD:R_0805_2012Metric (layer B.Cu) (tedit 5BBA6F66) (tstamp 5B6395F4)
    (at 136.2075 82.8675)
    (descr "Resistor SMD 0805 (2012 Metric), square (rectangular) end terminal, IPC_7351 nominal, (Body size source: https://docs.google.com/spreadsheets/d/1BsfQQcO9C6DZCsRaXUlFlo91Tg2WpOkGARC1WS5S8t0/edit?usp=sharing), generated with kicad-footprint-generator")
    (tags resistor)
    (path /5B5741DD)
    (attr smd)
    (fp_text reference R2 (at 0.3175 -1.5875) (layer B.SilkS)
      (effects (font (size 1 1) (thickness 0.15)) (justify mirror))
    )
    (fp_text value 47k (at 0 -1.65) (layer B.Fab)
      (effects (font (size 1 1) (thickness 0.15)) (justify mirror))
    )
    (fp_line (start -1 -0.6) (end -1 0.6) (layer B.Fab) (width 0.1))
    (fp_line (start -1 0.6) (end 1 0.6) (layer B.Fab) (width 0.1))
    (fp_line (start 1 0.6) (end 1 -0.6) (layer B.Fab) (width 0.1))
    (fp_line (start 1 -0.6) (end -1 -0.6) (layer B.Fab) (width 0.1))
    (fp_line (start -0.258578 0.71) (end 0.258578 0.71) (layer B.SilkS) (width 0.12))
    (fp_line (start -0.258578 -0.71) (end 0.258578 -0.71) (layer B.SilkS) (width 0.12))
    (fp_line (start -1.68 -0.95) (end -1.68 0.95) (layer B.CrtYd) (width 0.05))
    (fp_line (start -1.68 0.95) (end 1.68 0.95) (layer B.CrtYd) (width 0.05))
    (fp_line (start 1.68 0.95) (end 1.68 -0.95) (layer B.CrtYd) (width 0.05))
    (fp_line (start 1.68 -0.95) (end -1.68 -0.95) (layer B.CrtYd) (width 0.05))
    (fp_text user %R (at 0 0) (layer B.Fab)
      (effects (font (size 0.5 0.5) (thickness 0.08)) (justify mirror))
    )
    (pad 1 smd roundrect (at -0.9375 0) (size 0.975 1.4) (layers B.Cu B.Paste B.Mask) (roundrect_rratio 0.25)
      (net 5 A0))
    (pad 2 smd roundrect (at 0.9375 0) (size 0.975 1.4) (layers B.Cu B.Paste B.Mask) (roundrect_rratio 0.25)
      (net 1 GND))
    (model ${KISYS3DMOD}/Resistor_SMD.3dshapes/R_0805_2012Metric.wrl
      (at (xyz 0 0 0))
      (scale (xyz 1 1 1))
      (rotate (xyz 0 0 0))
    )
  )

  (module Capacitor_SMD:C_0805_2012Metric (layer B.Cu) (tedit 5BBA6F93) (tstamp 5B8C948E)
    (at 131.1275 69.85 180)
    (descr "Capacitor SMD 0805 (2012 Metric), square (rectangular) end terminal, IPC_7351 nominal, (Body size source: https://docs.google.com/spreadsheets/d/1BsfQQcO9C6DZCsRaXUlFlo91Tg2WpOkGARC1WS5S8t0/edit?usp=sharing), generated with kicad-footprint-generator")
    (tags capacitor)
    (path /5B57E3CB)
    (attr smd)
    (fp_text reference C4 (at 2.54 -0.3175 180) (layer B.SilkS)
      (effects (font (size 1 1) (thickness 0.15)) (justify mirror))
    )
    (fp_text value 12p (at 0 -1.65 180) (layer B.Fab)
      (effects (font (size 1 1) (thickness 0.15)) (justify mirror))
    )
    (fp_text user %R (at 0 0 180) (layer F.Fab)
      (effects (font (size 0.5 0.5) (thickness 0.08)))
    )
    (fp_line (start 1.68 -0.95) (end -1.68 -0.95) (layer B.CrtYd) (width 0.05))
    (fp_line (start 1.68 0.95) (end 1.68 -0.95) (layer B.CrtYd) (width 0.05))
    (fp_line (start -1.68 0.95) (end 1.68 0.95) (layer B.CrtYd) (width 0.05))
    (fp_line (start -1.68 -0.95) (end -1.68 0.95) (layer B.CrtYd) (width 0.05))
    (fp_line (start -0.258578 -0.71) (end 0.258578 -0.71) (layer B.SilkS) (width 0.12))
    (fp_line (start -0.258578 0.71) (end 0.258578 0.71) (layer B.SilkS) (width 0.12))
    (fp_line (start 1 -0.6) (end -1 -0.6) (layer B.Fab) (width 0.1))
    (fp_line (start 1 0.6) (end 1 -0.6) (layer B.Fab) (width 0.1))
    (fp_line (start -1 0.6) (end 1 0.6) (layer B.Fab) (width 0.1))
    (fp_line (start -1 -0.6) (end -1 0.6) (layer B.Fab) (width 0.1))
    (pad 2 smd roundrect (at 0.9375 0 180) (size 0.975 1.4) (layers B.Cu B.Paste B.Mask) (roundrect_rratio 0.25)
      (net 25 "Net-(C4-Pad2)"))
    (pad 1 smd roundrect (at -0.9375 0 180) (size 0.975 1.4) (layers B.Cu B.Paste B.Mask) (roundrect_rratio 0.25)
      (net 1 GND))
    (model ${KISYS3DMOD}/Capacitor_SMD.3dshapes/C_0805_2012Metric.wrl
      (at (xyz 0 0 0))
      (scale (xyz 1 1 1))
      (rotate (xyz 0 0 0))
    )
  )

  (module Capacitor_SMD:C_0805_2012Metric (layer F.Cu) (tedit 5BBA6F02) (tstamp 5B8C4952)
    (at 135.255 69.85 180)
    (descr "Capacitor SMD 0805 (2012 Metric), square (rectangular) end terminal, IPC_7351 nominal, (Body size source: https://docs.google.com/spreadsheets/d/1BsfQQcO9C6DZCsRaXUlFlo91Tg2WpOkGARC1WS5S8t0/edit?usp=sharing), generated with kicad-footprint-generator")
    (tags capacitor)
    (path /5B573F94)
    (attr smd)
    (fp_text reference C1 (at -2.54 0 180) (layer F.SilkS)
      (effects (font (size 1 1) (thickness 0.15)))
    )
    (fp_text value 10u (at 0 1.65 180) (layer F.Fab)
      (effects (font (size 1 1) (thickness 0.15)))
    )
    (fp_line (start -1 0.6) (end -1 -0.6) (layer F.Fab) (width 0.1))
    (fp_line (start -1 -0.6) (end 1 -0.6) (layer F.Fab) (width 0.1))
    (fp_line (start 1 -0.6) (end 1 0.6) (layer F.Fab) (width 0.1))
    (fp_line (start 1 0.6) (end -1 0.6) (layer F.Fab) (width 0.1))
    (fp_line (start -0.258578 -0.71) (end 0.258578 -0.71) (layer F.SilkS) (width 0.12))
    (fp_line (start -0.258578 0.71) (end 0.258578 0.71) (layer F.SilkS) (width 0.12))
    (fp_line (start -1.68 0.95) (end -1.68 -0.95) (layer F.CrtYd) (width 0.05))
    (fp_line (start -1.68 -0.95) (end 1.68 -0.95) (layer F.CrtYd) (width 0.05))
    (fp_line (start 1.68 -0.95) (end 1.68 0.95) (layer F.CrtYd) (width 0.05))
    (fp_line (start 1.68 0.95) (end -1.68 0.95) (layer F.CrtYd) (width 0.05))
    (fp_text user %R (at 0 0 180) (layer F.Fab)
      (effects (font (size 0.5 0.5) (thickness 0.08)))
    )
    (pad 1 smd roundrect (at -0.9375 0 180) (size 0.975 1.4) (layers F.Cu F.Paste F.Mask) (roundrect_rratio 0.25)
      (net 2 +5V))
    (pad 2 smd roundrect (at 0.9375 0 180) (size 0.975 1.4) (layers F.Cu F.Paste F.Mask) (roundrect_rratio 0.25)
      (net 1 GND))
    (model ${KISYS3DMOD}/Capacitor_SMD.3dshapes/C_0805_2012Metric.wrl
      (at (xyz 0 0 0))
      (scale (xyz 1 1 1))
      (rotate (xyz 0 0 0))
    )
  )

  (module Package_QFP:TQFP-32_7x7mm_P0.8mm locked (layer F.Cu) (tedit 5BBA7339) (tstamp 5B6398DA)
    (at 133.35 78.74 225)
    (descr "32-Lead Plastic Thin Quad Flatpack (PT) - 7x7x1.0 mm Body, 2.00 mm [TQFP] (see Microchip Packaging Specification 00000049BS.pdf)")
    (tags "QFP 0.8")
    (path /5B573B8D)
    (attr smd)
    (fp_text reference U1 (at 0 -6.286179 225) (layer F.SilkS)
      (effects (font (size 1 1) (thickness 0.15)))
    )
    (fp_text value ATmega328P-AU (at 0 6.05 225) (layer F.Fab)
      (effects (font (size 1 1) (thickness 0.15)))
    )
    (fp_line (start -3.625 -3.4) (end -5.05 -3.4) (layer F.SilkS) (width 0.15))
    (fp_line (start 3.625 -3.625) (end 3.299999 -3.625) (layer F.SilkS) (width 0.15))
    (fp_line (start 3.625 3.625) (end 3.299999 3.625) (layer F.SilkS) (width 0.15))
    (fp_line (start -3.625 3.625) (end -3.299999 3.625) (layer F.SilkS) (width 0.15))
    (fp_line (start -3.625 -3.625) (end -3.299999 -3.625) (layer F.SilkS) (width 0.15))
    (fp_line (start -3.625 3.625) (end -3.625 3.299999) (layer F.SilkS) (width 0.15))
    (fp_line (start 3.625 3.625) (end 3.625 3.299999) (layer F.SilkS) (width 0.15))
    (fp_line (start 3.625 -3.625) (end 3.625 -3.299999) (layer F.SilkS) (width 0.15))
    (fp_line (start -3.625 -3.625) (end -3.625 -3.4) (layer F.SilkS) (width 0.15))
    (fp_line (start -5.3 5.3) (end 5.3 5.3) (layer F.CrtYd) (width 0.05))
    (fp_line (start -5.3 -5.3) (end 5.3 -5.3) (layer F.CrtYd) (width 0.05))
    (fp_line (start 5.3 -5.3) (end 5.3 5.3) (layer F.CrtYd) (width 0.05))
    (fp_line (start -5.3 -5.3) (end -5.3 5.3) (layer F.CrtYd) (width 0.05))
    (fp_line (start -3.5 -2.5) (end -2.5 -3.5) (layer F.Fab) (width 0.15))
    (fp_line (start -3.5 3.5) (end -3.5 -2.5) (layer F.Fab) (width 0.15))
    (fp_line (start 3.5 3.5) (end -3.5 3.5) (layer F.Fab) (width 0.15))
    (fp_line (start 3.5 -3.5) (end 3.5 3.5) (layer F.Fab) (width 0.15))
    (fp_line (start -2.5 -3.5) (end 3.5 -3.5) (layer F.Fab) (width 0.15))
    (fp_text user %R (at 0 0 225) (layer F.Fab)
      (effects (font (size 1 1) (thickness 0.15)))
    )
    (pad 32 smd rect (at -2.8 -4.25 315) (size 1.6 0.55) (layers F.Cu F.Paste F.Mask)
      (net 17 PTT))
    (pad 31 smd rect (at -2 -4.25 315) (size 1.6 0.55) (layers F.Cu F.Paste F.Mask)
      (net 20 TXD))
    (pad 30 smd rect (at -1.2 -4.25 315) (size 1.6 0.55) (layers F.Cu F.Paste F.Mask)
      (net 21 RXD))
    (pad 29 smd rect (at -0.4 -4.25 315) (size 1.6 0.55) (layers F.Cu F.Paste F.Mask)
      (net 3 RST))
    (pad 28 smd rect (at 0.4 -4.25 315) (size 1.6 0.55) (layers F.Cu F.Paste F.Mask)
      (net 19 A))
    (pad 27 smd rect (at 1.2 -4.25 315) (size 1.6 0.55) (layers F.Cu F.Paste F.Mask)
      (net 8 PTT_SENSE))
    (pad 26 smd rect (at 2 -4.25 315) (size 1.6 0.55) (layers F.Cu F.Paste F.Mask)
      (net 4 A1))
    (pad 25 smd rect (at 2.8 -4.25 315) (size 1.6 0.55) (layers F.Cu F.Paste F.Mask)
      (net 5 A0))
    (pad 24 smd rect (at 4.25 -2.8 225) (size 1.6 0.55) (layers F.Cu F.Paste F.Mask)
      (net 14 D7))
    (pad 23 smd rect (at 4.25 -2 225) (size 1.6 0.55) (layers F.Cu F.Paste F.Mask)
      (net 13 D6))
    (pad 22 smd rect (at 4.25 -1.2 225) (size 1.6 0.55) (layers F.Cu F.Paste F.Mask)
      (net 27 ADC_B))
    (pad 21 smd rect (at 4.25 -0.4 225) (size 1.6 0.55) (layers F.Cu F.Paste F.Mask)
      (net 1 GND))
    (pad 20 smd rect (at 4.25 0.4 225) (size 1.6 0.55) (layers F.Cu F.Paste F.Mask)
      (net 15 "Net-(U1-Pad20)"))
    (pad 19 smd rect (at 4.25 1.2 225) (size 1.6 0.55) (layers F.Cu F.Paste F.Mask)
      (net 28 ADC_A))
    (pad 18 smd rect (at 4.25 2 225) (size 1.6 0.55) (layers F.Cu F.Paste F.Mask)
      (net 2 +5V))
    (pad 17 smd rect (at 4.25 2.8 225) (size 1.6 0.55) (layers F.Cu F.Paste F.Mask)
      (net 12 D5))
    (pad 16 smd rect (at 2.8 4.25 315) (size 1.6 0.55) (layers F.Cu F.Paste F.Mask)
      (net 11 D4))
    (pad 15 smd rect (at 2 4.25 315) (size 1.6 0.55) (layers F.Cu F.Paste F.Mask)
      (net 10 D3))
    (pad 14 smd rect (at 1.2 4.25 315) (size 1.6 0.55) (layers F.Cu F.Paste F.Mask)
      (net 9 D2))
    (pad 13 smd rect (at 0.4 4.25 315) (size 1.6 0.55) (layers F.Cu F.Paste F.Mask)
      (net 7 D1))
    (pad 12 smd rect (at -0.4 4.25 315) (size 1.6 0.55) (layers F.Cu F.Paste F.Mask)
      (net 6 D0))
    (pad 11 smd rect (at -1.2 4.25 315) (size 1.6 0.55) (layers F.Cu F.Paste F.Mask)
      (net 23 PWM_B))
    (pad 10 smd rect (at -2 4.25 315) (size 1.6 0.55) (layers F.Cu F.Paste F.Mask)
      (net 24 PWM_A))
    (pad 9 smd rect (at -2.8 4.25 315) (size 1.6 0.55) (layers F.Cu F.Paste F.Mask)
      (net 22 SQL))
    (pad 8 smd rect (at -4.25 2.8 225) (size 1.6 0.55) (layers F.Cu F.Paste F.Mask)
      (net 25 "Net-(C4-Pad2)"))
    (pad 7 smd rect (at -4.25 2 225) (size 1.6 0.55) (layers F.Cu F.Paste F.Mask)
      (net 26 "Net-(C3-Pad2)"))
    (pad 6 smd rect (at -4.25 1.2 225) (size 1.6 0.55) (layers F.Cu F.Paste F.Mask)
      (net 2 +5V))
    (pad 5 smd rect (at -4.25 0.4 225) (size 1.6 0.55) (layers F.Cu F.Paste F.Mask)
      (net 1 GND))
    (pad 4 smd rect (at -4.25 -0.4 225) (size 1.6 0.55) (layers F.Cu F.Paste F.Mask)
      (net 2 +5V))
    (pad 3 smd rect (at -4.25 -1.2 225) (size 1.6 0.55) (layers F.Cu F.Paste F.Mask)
      (net 1 GND))
    (pad 2 smd rect (at -4.25 -2 225) (size 1.6 0.55) (layers F.Cu F.Paste F.Mask)
      (net 29 GPIO_B))
    (pad 1 smd rect (at -4.25 -2.8 225) (size 1.6 0.55) (layers F.Cu F.Paste F.Mask)
      (net 30 GPIO_A))
    (model ${KISYS3DMOD}/Package_QFP.3dshapes/TQFP-32_7x7mm_P0.8mm.wrl
      (at (xyz 0 0 0))
      (scale (xyz 1 1 1))
      (rotate (xyz 0 0 0))
    )
  )

  (module Connector_PinHeader_2.54mm:PinHeader_2x03_P2.54mm_Vertical (layer F.Cu) (tedit 59FED5CC) (tstamp 5B57455A)
    (at 130.81 90.17 90)
    (descr "Through hole straight pin header, 2x03, 2.54mm pitch, double rows")
    (tags "Through hole pin header THT 2x03 2.54mm double row")
    (path /5B573D90)
    (fp_text reference J1 (at 1.27 -2.33 90) (layer F.SilkS)
      (effects (font (size 1 1) (thickness 0.15)))
    )
    (fp_text value AVR-ISP-6 (at 1.27 7.41 90) (layer F.Fab)
      (effects (font (size 1 1) (thickness 0.15)))
    )
    (fp_text user %R (at 1.27 2.54 180) (layer F.Fab)
      (effects (font (size 1 1) (thickness 0.15)))
    )
    (fp_line (start 4.35 -1.8) (end -1.8 -1.8) (layer F.CrtYd) (width 0.05))
    (fp_line (start 4.35 6.85) (end 4.35 -1.8) (layer F.CrtYd) (width 0.05))
    (fp_line (start -1.8 6.85) (end 4.35 6.85) (layer F.CrtYd) (width 0.05))
    (fp_line (start -1.8 -1.8) (end -1.8 6.85) (layer F.CrtYd) (width 0.05))
    (fp_line (start -1.33 -1.33) (end 0 -1.33) (layer F.SilkS) (width 0.12))
    (fp_line (start -1.33 0) (end -1.33 -1.33) (layer F.SilkS) (width 0.12))
    (fp_line (start 1.27 -1.33) (end 3.87 -1.33) (layer F.SilkS) (width 0.12))
    (fp_line (start 1.27 1.27) (end 1.27 -1.33) (layer F.SilkS) (width 0.12))
    (fp_line (start -1.33 1.27) (end 1.27 1.27) (layer F.SilkS) (width 0.12))
    (fp_line (start 3.87 -1.33) (end 3.87 6.41) (layer F.SilkS) (width 0.12))
    (fp_line (start -1.33 1.27) (end -1.33 6.41) (layer F.SilkS) (width 0.12))
    (fp_line (start -1.33 6.41) (end 3.87 6.41) (layer F.SilkS) (width 0.12))
    (fp_line (start -1.27 0) (end 0 -1.27) (layer F.Fab) (width 0.1))
    (fp_line (start -1.27 6.35) (end -1.27 0) (layer F.Fab) (width 0.1))
    (fp_line (start 3.81 6.35) (end -1.27 6.35) (layer F.Fab) (width 0.1))
    (fp_line (start 3.81 -1.27) (end 3.81 6.35) (layer F.Fab) (width 0.1))
    (fp_line (start 0 -1.27) (end 3.81 -1.27) (layer F.Fab) (width 0.1))
    (pad 6 thru_hole oval (at 2.54 5.08 90) (size 1.7 1.7) (drill 1) (layers *.Cu *.Mask)
      (net 1 GND))
    (pad 5 thru_hole oval (at 0 5.08 90) (size 1.7 1.7) (drill 1) (layers *.Cu *.Mask)
      (net 3 RST))
    (pad 4 thru_hole oval (at 2.54 2.54 90) (size 1.7 1.7) (drill 1) (layers *.Cu *.Mask)
      (net 10 D3))
    (pad 3 thru_hole oval (at 0 2.54 90) (size 1.7 1.7) (drill 1) (layers *.Cu *.Mask)
      (net 12 D5))
    (pad 2 thru_hole oval (at 2.54 0 90) (size 1.7 1.7) (drill 1) (layers *.Cu *.Mask)
      (net 2 +5V))
    (pad 1 thru_hole rect (at 0 0 90) (size 1.7 1.7) (drill 1) (layers *.Cu *.Mask)
      (net 11 D4))
  )

  (module Resistor_SMD:R_0805_2012Metric (layer B.Cu) (tedit 5BBA702D) (tstamp 5B7E73B5)
    (at 137.16 78.4225 270)
    (descr "Resistor SMD 0805 (2012 Metric), square (rectangular) end terminal, IPC_7351 nominal, (Body size source: https://docs.google.com/spreadsheets/d/1BsfQQcO9C6DZCsRaXUlFlo91Tg2WpOkGARC1WS5S8t0/edit?usp=sharing), generated with kicad-footprint-generator")
    (tags resistor)
    (path /5B583B93)
    (attr smd)
    (fp_text reference R5 (at -0.9525 1.905) (layer B.SilkS)
      (effects (font (size 1 1) (thickness 0.15)) (justify mirror))
    )
    (fp_text value 47k (at 0 -1.65 270) (layer B.Fab)
      (effects (font (size 1 1) (thickness 0.15)) (justify mirror))
    )
    (fp_line (start -1 -0.6) (end -1 0.6) (layer B.Fab) (width 0.1))
    (fp_line (start -1 0.6) (end 1 0.6) (layer B.Fab) (width 0.1))
    (fp_line (start 1 0.6) (end 1 -0.6) (layer B.Fab) (width 0.1))
    (fp_line (start 1 -0.6) (end -1 -0.6) (layer B.Fab) (width 0.1))
    (fp_line (start -0.258578 0.71) (end 0.258578 0.71) (layer B.SilkS) (width 0.12))
    (fp_line (start -0.258578 -0.71) (end 0.258578 -0.71) (layer B.SilkS) (width 0.12))
    (fp_line (start -1.68 -0.95) (end -1.68 0.95) (layer B.CrtYd) (width 0.05))
    (fp_line (start -1.68 0.95) (end 1.68 0.95) (layer B.CrtYd) (width 0.05))
    (fp_line (start 1.68 0.95) (end 1.68 -0.95) (layer B.CrtYd) (width 0.05))
    (fp_line (start 1.68 -0.95) (end -1.68 -0.95) (layer B.CrtYd) (width 0.05))
    (fp_text user %R (at 0 0 270) (layer B.Fab)
      (effects (font (size 0.5 0.5) (thickness 0.08)) (justify mirror))
    )
    (pad 1 smd roundrect (at -0.9375 0 270) (size 0.975 1.4) (layers B.Cu B.Paste B.Mask) (roundrect_rratio 0.25)
      (net 16 "Net-(Q1-Pad1)"))
    (pad 2 smd roundrect (at 0.9375 0 270) (size 0.975 1.4) (layers B.Cu B.Paste B.Mask) (roundrect_rratio 0.25)
      (net 17 PTT))
    (model ${KISYS3DMOD}/Resistor_SMD.3dshapes/R_0805_2012Metric.wrl
      (at (xyz 0 0 0))
      (scale (xyz 1 1 1))
      (rotate (xyz 0 0 0))
    )
  )

  (module Package_TO_SOT_SMD:SOT-23 (layer B.Cu) (tedit 5BBA703B) (tstamp 5B642DE4)
    (at 137.795 74.93)
    (descr "SOT-23, Standard")
    (tags SOT-23)
    (path /5B57D7A8)
    (attr smd)
    (fp_text reference Q1 (at -2.54 0) (layer B.SilkS)
      (effects (font (size 1 1) (thickness 0.15)) (justify mirror))
    )
    (fp_text value Q_NPN_BEC (at 0 -2.5) (layer B.Fab)
      (effects (font (size 1 1) (thickness 0.15)) (justify mirror))
    )
    (fp_text user %R (at 0 0 270) (layer B.Fab)
      (effects (font (size 0.5 0.5) (thickness 0.075)) (justify mirror))
    )
    (fp_line (start -0.7 0.95) (end -0.7 -1.5) (layer B.Fab) (width 0.1))
    (fp_line (start -0.15 1.52) (end 0.7 1.52) (layer B.Fab) (width 0.1))
    (fp_line (start -0.7 0.95) (end -0.15 1.52) (layer B.Fab) (width 0.1))
    (fp_line (start 0.7 1.52) (end 0.7 -1.52) (layer B.Fab) (width 0.1))
    (fp_line (start -0.7 -1.52) (end 0.7 -1.52) (layer B.Fab) (width 0.1))
    (fp_line (start 0.76 -1.58) (end 0.76 -0.65) (layer B.SilkS) (width 0.12))
    (fp_line (start 0.76 1.58) (end 0.76 0.65) (layer B.SilkS) (width 0.12))
    (fp_line (start -1.7 1.75) (end 1.7 1.75) (layer B.CrtYd) (width 0.05))
    (fp_line (start 1.7 1.75) (end 1.7 -1.75) (layer B.CrtYd) (width 0.05))
    (fp_line (start 1.7 -1.75) (end -1.7 -1.75) (layer B.CrtYd) (width 0.05))
    (fp_line (start -1.7 -1.75) (end -1.7 1.75) (layer B.CrtYd) (width 0.05))
    (fp_line (start 0.76 1.58) (end -1.4 1.58) (layer B.SilkS) (width 0.12))
    (fp_line (start 0.76 -1.58) (end -0.7 -1.58) (layer B.SilkS) (width 0.12))
    (pad 1 smd rect (at -1 0.95) (size 0.9 0.8) (layers B.Cu B.Paste B.Mask)
      (net 16 "Net-(Q1-Pad1)"))
    (pad 2 smd rect (at -1 -0.95) (size 0.9 0.8) (layers B.Cu B.Paste B.Mask)
      (net 1 GND))
    (pad 3 smd rect (at 1 0) (size 0.9 0.8) (layers B.Cu B.Paste B.Mask)
      (net 18 PTT_OUT))
    (model ${KISYS3DMOD}/Package_TO_SOT_SMD.3dshapes/SOT-23.wrl
      (at (xyz 0 0 0))
      (scale (xyz 1 1 1))
      (rotate (xyz 0 0 0))
    )
  )

  (module Package_DIP:DIP-24_W15.24mm_Socket locked (layer F.Cu) (tedit 5B58FC67) (tstamp 5B6395D2)
    (at 125.73 62.23)
    (descr "24-lead though-hole mounted DIP package, row spacing 15.24 mm (600 mils), Socket")
    (tags "THT DIP DIL PDIP 2.54mm 15.24mm 600mil Socket")
    (path /5B573CD3)
    (fp_text reference J2 (at 7.62 -2.33) (layer B.SilkS) hide
      (effects (font (size 1 1) (thickness 0.15)) (justify mirror))
    )
    (fp_text value CPD18U42CD (at 7.62 30.27) (layer B.Fab)
      (effects (font (size 1 1) (thickness 0.15)))
    )
    (fp_line (start 13.97 29.21) (end 13.97 -1.27) (layer B.CrtYd) (width 0.15))
    (fp_line (start 13.97 -1.27) (end 16.51 -1.27) (layer B.CrtYd) (width 0.15))
    (fp_line (start 16.51 -1.27) (end 16.51 29.21) (layer B.CrtYd) (width 0.15))
    (fp_line (start 16.51 29.21) (end 13.97 29.21) (layer B.CrtYd) (width 0.15))
    (fp_line (start -1.27 29.21) (end 1.27 29.21) (layer B.CrtYd) (width 0.15))
    (fp_line (start 1.27 29.21) (end 1.27 -1.27) (layer B.CrtYd) (width 0.15))
    (fp_line (start 1.27 -1.27) (end -1.27 -1.27) (layer B.CrtYd) (width 0.15))
    (fp_line (start -1.27 -1.27) (end -1.27 29.21) (layer B.CrtYd) (width 0.15))
    (fp_line (start 13.97 29.21) (end 13.97 -1.27) (layer B.Fab) (width 0.15))
    (fp_line (start 13.97 -1.27) (end 16.51 -1.27) (layer B.Fab) (width 0.15))
    (fp_line (start 16.51 -1.27) (end 16.51 29.21) (layer B.Fab) (width 0.15))
    (fp_line (start 16.51 29.21) (end 13.97 29.21) (layer B.Fab) (width 0.15))
    (fp_line (start -1.27 29.21) (end 1.27 29.21) (layer B.Fab) (width 0.15))
    (fp_line (start 1.27 29.21) (end 1.27 -1.27) (layer B.Fab) (width 0.15))
    (fp_line (start 1.27 -1.27) (end -1.27 -1.27) (layer B.Fab) (width 0.15))
    (fp_line (start -1.27 -1.27) (end -1.27 29.21) (layer B.Fab) (width 0.15))
    (fp_text user %R (at 7.62 13.97) (layer B.Fab)
      (effects (font (size 1 1) (thickness 0.15)) (justify mirror))
    )
    (fp_line (start -1.27 -1.27) (end -1.27 29.21) (layer B.SilkS) (width 0.15))
    (fp_line (start 1.27 -1.27) (end -1.27 -1.27) (layer B.SilkS) (width 0.15))
    (fp_line (start 1.27 29.21) (end 1.27 -1.27) (layer B.SilkS) (width 0.15))
    (fp_line (start -1.27 29.21) (end 1.27 29.21) (layer B.SilkS) (width 0.15))
    (fp_line (start 16.51 29.21) (end 13.97 29.21) (layer B.SilkS) (width 0.15))
    (fp_line (start 16.51 -1.27) (end 16.51 29.21) (layer B.SilkS) (width 0.15))
    (fp_line (start 13.97 -1.27) (end 16.51 -1.27) (layer B.SilkS) (width 0.15))
    (fp_line (start 13.97 29.21) (end 13.97 -1.27) (layer B.SilkS) (width 0.15))
    (pad 24 thru_hole oval (at 15.24 0) (size 1.6 1.6) (drill 0.8) (layers *.Cu *.Mask)
      (net 1 GND))
    (pad 12 thru_hole oval (at 0 27.94) (size 1.6 1.6) (drill 0.8) (layers *.Cu *.Mask)
      (net 2 +5V))
    (pad 23 thru_hole oval (at 15.24 2.54) (size 1.6 1.6) (drill 0.8) (layers *.Cu *.Mask)
      (net 2 +5V))
    (pad 11 thru_hole oval (at 0 25.4) (size 1.6 1.6) (drill 0.8) (layers *.Cu *.Mask)
      (net 14 D7))
    (pad 22 thru_hole oval (at 15.24 5.08) (size 1.6 1.6) (drill 0.8) (layers *.Cu *.Mask)
      (net 2 +5V))
    (pad 10 thru_hole oval (at 0 22.86) (size 1.6 1.6) (drill 0.8) (layers *.Cu *.Mask)
      (net 13 D6))
    (pad 21 thru_hole oval (at 15.24 7.62) (size 1.6 1.6) (drill 0.8) (layers *.Cu *.Mask)
      (net 21 RXD))
    (pad 9 thru_hole oval (at 0 20.32) (size 1.6 1.6) (drill 0.8) (layers *.Cu *.Mask)
      (net 12 D5))
    (pad 20 thru_hole oval (at 15.24 10.16) (size 1.6 1.6) (drill 0.8) (layers *.Cu *.Mask)
      (net 20 TXD))
    (pad 8 thru_hole oval (at 0 17.78) (size 1.6 1.6) (drill 0.8) (layers *.Cu *.Mask)
      (net 11 D4))
    (pad 19 thru_hole oval (at 15.24 12.7) (size 1.6 1.6) (drill 0.8) (layers *.Cu *.Mask)
      (net 18 PTT_OUT))
    (pad 7 thru_hole oval (at 0 15.24) (size 1.6 1.6) (drill 0.8) (layers *.Cu *.Mask)
      (net 10 D3))
    (pad 18 thru_hole oval (at 15.24 15.24) (size 1.6 1.6) (drill 0.8) (layers *.Cu *.Mask)
      (net 19 A))
    (pad 6 thru_hole oval (at 0 12.7) (size 1.6 1.6) (drill 0.8) (layers *.Cu *.Mask)
      (net 9 D2))
    (pad 17 thru_hole oval (at 15.24 17.78) (size 1.6 1.6) (drill 0.8) (layers *.Cu *.Mask)
      (net 8 PTT_SENSE))
    (pad 5 thru_hole oval (at 0 10.16) (size 1.6 1.6) (drill 0.8) (layers *.Cu *.Mask)
      (net 7 D1))
    (pad 16 thru_hole oval (at 15.24 20.32) (size 1.6 1.6) (drill 0.8) (layers *.Cu *.Mask)
      (net 1 GND))
    (pad 4 thru_hole oval (at 0 7.62) (size 1.6 1.6) (drill 0.8) (layers *.Cu *.Mask)
      (net 6 D0))
    (pad 15 thru_hole oval (at 15.24 22.86) (size 1.6 1.6) (drill 0.8) (layers *.Cu *.Mask)
      (net 2 +5V))
    (pad 3 thru_hole oval (at 0 5.08) (size 1.6 1.6) (drill 0.8) (layers *.Cu *.Mask)
      (net 5 A0))
    (pad 14 thru_hole oval (at 15.24 25.4) (size 1.6 1.6) (drill 0.8) (layers *.Cu *.Mask)
      (net 1 GND))
    (pad 2 thru_hole oval (at 0 2.54) (size 1.6 1.6) (drill 0.8) (layers *.Cu *.Mask)
      (net 4 A1))
    (pad 13 thru_hole oval (at 15.24 27.94) (size 1.6 1.6) (drill 0.8) (layers *.Cu *.Mask)
      (net 2 +5V))
    (pad 1 thru_hole rect (at 0 0) (size 1.6 1.6) (drill 0.8) (layers *.Cu *.Mask)
      (net 22 SQL))
  )

  (module Resistor_SMD:R_0805_2012Metric (layer F.Cu) (tedit 5BBA6EF7) (tstamp 5B63AC3F)
    (at 128.27 63.5 270)
    (descr "Resistor SMD 0805 (2012 Metric), square (rectangular) end terminal, IPC_7351 nominal, (Body size source: https://docs.google.com/spreadsheets/d/1BsfQQcO9C6DZCsRaXUlFlo91Tg2WpOkGARC1WS5S8t0/edit?usp=sharing), generated with kicad-footprint-generator")
    (tags resistor)
    (path /5B810344)
    (attr smd)
    (fp_text reference R4 (at 0 -1.5875 90) (layer F.SilkS)
      (effects (font (size 1 1) (thickness 0.15)))
    )
    (fp_text value 47k (at 0 1.65 270) (layer F.Fab)
      (effects (font (size 1 1) (thickness 0.15)))
    )
    (fp_line (start -1 0.6) (end -1 -0.6) (layer F.Fab) (width 0.1))
    (fp_line (start -1 -0.6) (end 1 -0.6) (layer F.Fab) (width 0.1))
    (fp_line (start 1 -0.6) (end 1 0.6) (layer F.Fab) (width 0.1))
    (fp_line (start 1 0.6) (end -1 0.6) (layer F.Fab) (width 0.1))
    (fp_line (start -0.258578 -0.71) (end 0.258578 -0.71) (layer F.SilkS) (width 0.12))
    (fp_line (start -0.258578 0.71) (end 0.258578 0.71) (layer F.SilkS) (width 0.12))
    (fp_line (start -1.68 0.95) (end -1.68 -0.95) (layer F.CrtYd) (width 0.05))
    (fp_line (start -1.68 -0.95) (end 1.68 -0.95) (layer F.CrtYd) (width 0.05))
    (fp_line (start 1.68 -0.95) (end 1.68 0.95) (layer F.CrtYd) (width 0.05))
    (fp_line (start 1.68 0.95) (end -1.68 0.95) (layer F.CrtYd) (width 0.05))
    (fp_text user %R (at 0 0 270) (layer F.Fab)
      (effects (font (size 0.5 0.5) (thickness 0.08)))
    )
    (pad 1 smd roundrect (at -0.9375 0 270) (size 0.975 1.4) (layers F.Cu F.Paste F.Mask) (roundrect_rratio 0.25)
      (net 22 SQL))
    (pad 2 smd roundrect (at 0.9375 0 270) (size 0.975 1.4) (layers F.Cu F.Paste F.Mask) (roundrect_rratio 0.25)
      (net 1 GND))
    (model ${KISYS3DMOD}/Resistor_SMD.3dshapes/R_0805_2012Metric.wrl
      (at (xyz 0 0 0))
      (scale (xyz 1 1 1))
      (rotate (xyz 0 0 0))
    )
  )

  (module Capacitor_SMD:C_0805_2012Metric (layer B.Cu) (tedit 5BBA7021) (tstamp 5B57D9C8)
    (at 129.54 80.9625 270)
    (descr "Capacitor SMD 0805 (2012 Metric), square (rectangular) end terminal, IPC_7351 nominal, (Body size source: https://docs.google.com/spreadsheets/d/1BsfQQcO9C6DZCsRaXUlFlo91Tg2WpOkGARC1WS5S8t0/edit?usp=sharing), generated with kicad-footprint-generator")
    (tags capacitor)
    (path /5B574086)
    (attr smd)
    (fp_text reference C2 (at 0.9525 -1.905 180) (layer B.SilkS)
      (effects (font (size 1 1) (thickness 0.15)) (justify mirror))
    )
    (fp_text value 100n (at 0 -1.65 270) (layer B.Fab)
      (effects (font (size 1 1) (thickness 0.15)) (justify mirror))
    )
    (fp_line (start -1 -0.6) (end -1 0.6) (layer B.Fab) (width 0.1))
    (fp_line (start -1 0.6) (end 1 0.6) (layer B.Fab) (width 0.1))
    (fp_line (start 1 0.6) (end 1 -0.6) (layer B.Fab) (width 0.1))
    (fp_line (start 1 -0.6) (end -1 -0.6) (layer B.Fab) (width 0.1))
    (fp_line (start -0.258578 0.71) (end 0.258578 0.71) (layer B.SilkS) (width 0.12))
    (fp_line (start -0.258578 -0.71) (end 0.258578 -0.71) (layer B.SilkS) (width 0.12))
    (fp_line (start -1.68 -0.95) (end -1.68 0.95) (layer B.CrtYd) (width 0.05))
    (fp_line (start -1.68 0.95) (end 1.68 0.95) (layer B.CrtYd) (width 0.05))
    (fp_line (start 1.68 0.95) (end 1.68 -0.95) (layer B.CrtYd) (width 0.05))
    (fp_line (start 1.68 -0.95) (end -1.68 -0.95) (layer B.CrtYd) (width 0.05))
    (fp_text user %R (at 0 0 270) (layer B.Fab)
      (effects (font (size 0.5 0.5) (thickness 0.08)) (justify mirror))
    )
    (pad 1 smd roundrect (at -0.9375 0 270) (size 0.975 1.4) (layers B.Cu B.Paste B.Mask) (roundrect_rratio 0.25)
      (net 2 +5V))
    (pad 2 smd roundrect (at 0.9375 0 270) (size 0.975 1.4) (layers B.Cu B.Paste B.Mask) (roundrect_rratio 0.25)
      (net 1 GND))
    (model ${KISYS3DMOD}/Capacitor_SMD.3dshapes/C_0805_2012Metric.wrl
      (at (xyz 0 0 0))
      (scale (xyz 1 1 1))
      (rotate (xyz 0 0 0))
    )
  )

  (module Capacitor_SMD:C_0805_2012Metric (layer B.Cu) (tedit 5BBA7010) (tstamp 5B591494)
    (at 131.1425 76.2)
    (descr "Capacitor SMD 0805 (2012 Metric), square (rectangular) end terminal, IPC_7351 nominal, (Body size source: https://docs.google.com/spreadsheets/d/1BsfQQcO9C6DZCsRaXUlFlo91Tg2WpOkGARC1WS5S8t0/edit?usp=sharing), generated with kicad-footprint-generator")
    (tags capacitor)
    (path /5B5740C2)
    (attr smd)
    (fp_text reference C3 (at -0.015 1.5875) (layer B.SilkS)
      (effects (font (size 1 1) (thickness 0.15)) (justify mirror))
    )
    (fp_text value 12p (at 0 -1.65) (layer B.Fab)
      (effects (font (size 1 1) (thickness 0.15)) (justify mirror))
    )
    (fp_line (start -1 -0.6) (end -1 0.6) (layer B.Fab) (width 0.1))
    (fp_line (start -1 0.6) (end 1 0.6) (layer B.Fab) (width 0.1))
    (fp_line (start 1 0.6) (end 1 -0.6) (layer B.Fab) (width 0.1))
    (fp_line (start 1 -0.6) (end -1 -0.6) (layer B.Fab) (width 0.1))
    (fp_line (start -0.258578 0.71) (end 0.258578 0.71) (layer B.SilkS) (width 0.12))
    (fp_line (start -0.258578 -0.71) (end 0.258578 -0.71) (layer B.SilkS) (width 0.12))
    (fp_line (start -1.68 -0.95) (end -1.68 0.95) (layer B.CrtYd) (width 0.05))
    (fp_line (start -1.68 0.95) (end 1.68 0.95) (layer B.CrtYd) (width 0.05))
